+-----------------------------------------------+
| T1                                            |
|                                               |
+----+----+----+----+--------+---------+--------+
| X0 | U1 | X1 | Z1 | B1(X1) | Z1 + B1 | B0(X0) |
+----+----+----+----+--------+---------+--------+
| 0  |  0 |  0 |  0 |     76 |      76 | 78     |
|    |  1 |  1 | 18 |     60 |      78 |        |
|    |  2 |  2 | 26 |     48 |      74 |        |
|    |  3 |  3 | 29 |     38 |      67 |        |
|    |  4 |  4 | 43 |     24 |      67 |        |
|    |  5 |  5 | 54 |     10 |      64 |        |
|    |  6 |  6 | 73 |      0 |      73 |        |
+----+----+----+----+--------+---------+--------+
+-----------------------------------------------+
| T2                                            |
|                                               |
+----+----+----+----+--------+---------+--------+
| X1 | U2 | X2 | Z2 | B2(X2) | Z2 + B2 | B1(X1) |
+----+----+----+----+--------+---------+--------+
| 0  |  0 |  0 |  0 |     68 |      68 | 76     |
|    |  1 |  1 |  6 |     56 |      62 |        |
|    |  2 |  2 | 24 |     45 |      69 |        |
|    |  3 |  3 | 38 |     35 |      73 |        |
|    |  4 |  4 | 46 |     22 |      68 |        |
|    |  5 |  5 | 52 |     10 |      62 |        |
|    |  6 |  6 | 76 |      0 |      76 |        |
| 1  |  0 |  1 |  0 |     56 |      56 | 60     |
|    |  1 |  2 |  6 |     45 |      51 |        |
|    |  2 |  3 | 24 |     35 |      59 |        |
|    |  3 |  4 | 38 |     22 |      60 |        |
|    |  4 |  5 | 46 |     10 |      56 |        |
|    |  5 |  6 | 52 |      0 |      52 |        |
| 2  |  0 |  2 |  0 |     45 |      45 | 48     |
|    |  1 |  3 |  6 |     35 |      41 |        |
|    |  2 |  4 | 24 |     22 |      46 |        |
|    |  3 |  5 | 38 |     10 |      48 |        |
|    |  4 |  6 | 46 |      0 |      46 |        |
| 3  |  0 |  3 |  0 |     35 |      35 | 38     |
|    |  1 |  4 |  6 |     22 |      28 |        |
|    |  2 |  5 | 24 |     10 |      34 |        |
|    |  3 |  6 | 38 |      0 |      38 |        |
| 4  |  0 |  4 |  0 |     22 |      22 | 24     |
|    |  1 |  5 |  6 |     10 |      16 |        |
|    |  2 |  6 | 24 |      0 |      24 |        |
| 5  |  0 |  5 |  0 |     10 |      10 | 10     |
|    |  1 |  6 |  6 |      0 |       6 |        |
| 6  |  0 |  6 |  0 |      0 |       0 | 0      |
+----+----+----+----+--------+---------+--------+
+-----------------------------------------------+
| T3                                            |
|                                               |
+----+----+----+----+--------+---------+--------+
| X2 | U3 | X3 | Z3 | B3(X3) | Z3 + B3 | B2(X2) |
+----+----+----+----+--------+---------+--------+
|  0 |  6 |  6 | 68 |      0 |      68 |     68 |
|  1 |  5 |  6 | 56 |      0 |      56 |     56 |
|  2 |  4 |  6 | 45 |      0 |      45 |     45 |
|  3 |  3 |  6 | 35 |      0 |      35 |     35 |
|  4 |  2 |  6 | 22 |      0 |      22 |     22 |
|  5 |  1 |  6 | 10 |      0 |      10 |     10 |
|  6 |  0 |  6 |  0 |      0 |       0 |      0 |
+----+----+----+----+--------+---------+--------+
