+-----------------------------------------------+
| T1                                            |
|                                               |
+----+----+----+----+--------+---------+--------+
| X0 | U1 | X1 | Z1 | B1(X1) | Z1 + B1 | B0(X0) |
+----+----+----+----+--------+---------+--------+
| 0  |  0 |  0 | -3 |     86 |      83 | 88     |
|    |  1 |  1 | 13 |     70 |      83 |        |
|    |  2 |  2 | 31 |     57 |      88 |        |
|    |  3 |  3 | 34 |     37 |      71 |        |
|    |  4 |  4 | 55 |     23 |      78 |        |
|    |  5 |  5 | 70 |      3 |      73 |        |
|    |  6 |  6 | 75 |    -11 |      64 |        |
+----+----+----+----+--------+---------+--------+
+-----------------------------------------------+
| T2                                            |
|                                               |
+----+----+----+----+--------+---------+--------+
| X1 | U2 | X2 | Z2 | B2(X2) | Z2 + B2 | B1(X1) |
+----+----+----+----+--------+---------+--------+
| 0  |  0 |  0 | -5 |     84 |      79 | 86     |
|    |  1 |  1 |  7 |     71 |      78 |        |
|    |  2 |  2 | 29 |     54 |      83 |        |
|    |  3 |  3 | 42 |     37 |      79 |        |
|    |  4 |  4 | 58 |     28 |      86 |        |
|    |  5 |  5 | 60 |      8 |      68 |        |
|    |  6 |  6 | 81 |     -6 |      75 |        |
| 1  |  0 |  1 | -5 |     71 |      66 | 70     |
|    |  1 |  2 |  7 |     54 |      61 |        |
|    |  2 |  3 | 29 |     37 |      66 |        |
|    |  3 |  4 | 42 |     28 |      70 |        |
|    |  4 |  5 | 58 |      8 |      66 |        |
|    |  5 |  6 | 60 |     -6 |      54 |        |
| 2  |  0 |  2 | -5 |     54 |      49 | 57     |
|    |  1 |  3 |  7 |     37 |      44 |        |
|    |  2 |  4 | 29 |     28 |      57 |        |
|    |  3 |  5 | 42 |      8 |      50 |        |
|    |  4 |  6 | 58 |     -6 |      52 |        |
| 3  |  0 |  3 | -5 |     37 |      32 | 37     |
|    |  1 |  4 |  7 |     28 |      35 |        |
|    |  2 |  5 | 29 |      8 |      37 |        |
|    |  3 |  6 | 42 |     -6 |      36 |        |
| 4  |  0 |  4 | -5 |     28 |      23 | 23     |
|    |  1 |  5 |  7 |      8 |      15 |        |
|    |  2 |  6 | 29 |     -6 |      23 |        |
| 5  |  0 |  5 | -5 |      8 |       3 | 3      |
|    |  1 |  6 |  7 |     -6 |       1 |        |
| 6  |  0 |  6 | -5 |     -6 |     -11 | -11    |
+----+----+----+----+--------+---------+--------+
+-----------------------------------------------+
| T3                                            |
|                                               |
+----+----+----+----+--------+---------+--------+
| X2 | U3 | X3 | Z3 | B3(X3) | Z3 + B3 | B2(X2) |
+----+----+----+----+--------+---------+--------+
|  0 |  6 |  6 | 84 |      0 |      84 |     84 |
|  1 |  5 |  6 | 71 |      0 |      71 |     71 |
|  2 |  4 |  6 | 54 |      0 |      54 |     54 |
|  3 |  3 |  6 | 37 |      0 |      37 |     37 |
|  4 |  2 |  6 | 28 |      0 |      28 |     28 |
|  5 |  1 |  6 |  8 |      0 |       8 |      8 |
|  6 |  0 |  6 | -6 |      0 |      -6 |     -6 |
+----+----+----+----+--------+---------+--------+
